董久武,130222196809162211,JK2019090200004178101,20190915,20191021,3000,3000,3000,20190915,20190915,0,0,0,3000,0,0,0,0,0,0,0,0,1,1,*,1,20190902开户，20191007还款
张振龙,130423198303182131,JK2019090500001664001,20190915,20191021,2000,2000,2000,20190915,20190915,0,0,0,2000,0,0,0,0,0,0,0,0,1,1,*,1,20190905开户，20191007还款
胡朝林,130923197702117014,JK2019090500022845601,20190915,20191121,10000,10000,10000,20190915,20190915,0,0,0,10000,0,0,0,0,0,0,0,0,1,1,*,1,20190905开户，20191007还款
李辉东,140421198812027614,JK2019082500006266801,20190915,20191021,2000,2000,2000,20190915,20190915,0,0,0,2000,0,0,0,0,0,0,0,0,1,1,*,1,20190825开户，20190930还款
郭鹏,140481198408232815,JK2019090200040049001,20190916,20191021,2000,2000,2000,20190916,20190916,0,0,0,2000,0,0,0,0,0,0,0,0,1,1,*,1,20190902开户，20191007还款
王瑞刚,140502198302022254,JK2018122500019646801,20190916,20191021,3000,3000,3000,20190916,20190916,0,0,0,3000,0,0,0,0,0,0,0,0,1,1,*,1,20190825开户，20190930还款
王国亮,152601198207210532,JK2019052800012691201,20190919,20191221,10000,10000,10000,20190919,20190919,0,0,0,10000,0,0,0,0,0,0,0,0,1,1,*,1,20190902开户，20191007当月不需要还款
敖特肯岱,152921198409104115,JK2019090700006465001,20190915,20191021,2000,2000,2000,20190915,20190915,0,0,0,2000,0,0,0,0,0,0,0,0,1,1,*,1,20190907开户，20191007还款
刘朋,22072219880222043X,JK2019083100011706901,20190915,20191021,2000,2000,2000,20190915,20190915,0,0,0,2000,0,0,0,0,0,0,0,0,1,1,*,1,20190831开户，20190930还款
刘利新,222328197408182010,QT2019082200016298601,20190918,20191121,27500,27500,27500,20190918,20190918,0,0,0,27500,0,0,0,0,0,0,0,0,1,1,*,1,20190822开户，20190930还款
张金良,230182198307243410,JK2019082300007170001,20190916,20191021,2000,2000,2000,20190916,20190916,0,0,0,2000,0,0,0,0,0,0,0,0,1,1,*,1,20190823开户，20190930还款
苏晓敏,23052419870411184X,JK2019083000001067001,20190918,20191121,15000,15000,15000,20190918,20190918,0,0,0,15000,0,0,0,0,0,0,0,0,1,1,*,1,20190830开户，20190930还款
冯刚,320323198010257558,JK2019090500006164601,20190921,20191121,2000,2000,2000,20190921,20190921,0,0,0,2000,0,0,0,0,0,0,0,0,1,1,*,1,20190905开户，20191007当月不需要还款
陈波,341125197702240935,JK2019090100002607901,20190915,20191021,2000,2000,2000,20190915,20190915,0,0,0,2000,0,0,0,0,0,0,0,0,1,1,*,1,20190901开户，20191007还款
葛新勇,341522198405064274,JK2019061900021979301,20190919,20191121,15000,15000,15000,20190919,20190919,0,0,0,15000,0,0,0,0,0,0,0,0,1,1,*,1,20190830开户，20190930还款
卢兴武,342421197608118433,JK2018122400004518201,20190917,20191021,3000,3000,3000,20190917,20190917,0,0,0,3000,0,0,0,0,0,0,0,0,1,1,*,1,20190903开户，20191007还款
严珑山,362132197902268519,JK2018012100012625902,20190915,20191021,5000,5000,5000,20190915,20190915,0,0,0,5000,0,0,0,0,0,0,0,0,1,1,*,1,20190822开户，20190930还款
胡明,362427198501100838,JK2019090600007722001,20190915,20191021,3000,3000,3000,20190915,20190915,0,0,0,3000,0,0,0,0,0,0,0,0,1,1,*,1,20190906开户，20191007还款
李军平,362501196906095830,JK2019052500031423201,20190920,20191221,50000,50000,50000,20190920,20190920,0,0,0,50000,0,0,0,0,0,0,0,0,1,1,*,1,20190829开户，20190930还款
王立明,370781197802121210,JK2019083100006407401,20190916,20191021,1000,1000,1000,20190916,20190916,0,0,0,1000,0,0,0,0,0,0,0,0,1,1,*,1,20190831开户，20190930还款
申延强,371102198104291930,JK2019090600019224101,20190915,20191021,2000,2000,2000,20190915,20190915,0,0,0,2000,0,0,0,0,0,0,0,0,1,1,*,1,20190906开户，20191007还款
张同利,371122198401303112,JK2019082500004068301,20190916,20191021,1000,1000,1000,20190916,20190916,0,0,0,1000,0,0,0,0,0,0,0,0,1,1,*,1,20190825开户，20190930还款
郭伟超,410182198110146012,JK2018011800010606401,20190915,20191021,2000,2000,2000,20190915,20190915,0,0,0,2000,0,0,0,0,0,0,0,0,1,1,*,1,20190904开户，20191007还款
解成伟,410311198212200513,JK2019090500075580001,20190915,20191021,2000,2000,2000,20190915,20190915,0,0,0,2000,0,0,0,0,0,0,0,0,1,1,*,1,20190905开户，20191007还款
蔡云山,410622198812031034,JK2019090600006201101,20190916,20191021,1000,1000,1000,20190916,20190916,0,0,0,1000,0,0,0,0,0,0,0,0,1,1,*,1,20190906开户，20191007还款
高晓立,41132919870110501X,JK2019082900004524501,20190916,20191021,2000,2000,2000,20190916,20190916,0,0,0,2000,0,0,0,0,0,0,0,0,1,1,*,1,20190829开户，20190930还款
钱松,411381198911177156,JK2019090600024969901,20190916,20191021,1000,1000,1000,20190916,20190916,0,0,0,1000,0,0,0,0,0,0,0,0,1,1,*,1,20190906开户，20191007还款
胡桂斌,412328198008272471,JK2019032800031797001,20190920,20191121,10000,10000,10000,20190920,20190920,0,0,0,10000,0,0,0,0,0,0,0,0,1,1,*,1,20190903开户，20191007还款
韩亚军,412702198708012759,JK2019090200024777801,20190915,20191021,2000,2000,2000,20190915,20190915,0,0,0,2000,0,0,0,0,0,0,0,0,1,1,*,1,20190902开户，20191007还款
邵金阳,412722198704221559,JK2019090400035668501,20190915,20191021,4000,4000,4000,20190915,20190915,0,0,0,4000,0,0,0,0,0,0,0,0,1,1,*,1,20190904开户，20191007还款
王楚,422325199409024214,JK2019090600047664601,20190916,20191021,2000,2000,2000,20190916,20190916,0,0,0,2000,0,0,0,0,0,0,0,0,1,1,*,1,20190906开户，20191007还款
张家纲,430281198305029118,JK2019090300012708401,20190915,20191021,3000,3000,3000,20190915,20190915,0,0,0,3000,0,0,0,0,0,0,0,0,1,1,*,1,20190903开户，20191007还款
唐孝余,430421197408017013,JK2019090400026587601,20190916,20191121,20000,20000,20000,20190916,20190916,0,0,0,20000,0,0,0,0,0,0,0,0,1,1,*,1,20190904开户，20191007当月不需要还款
张平,430422198808017339,JK2019082300003168901,20190915,20191021,1000,1000,1000,20190915,20190915,0,0,0,1000,0,0,0,0,0,0,0,0,1,1,*,1,20190823开户，20190930还款
胡威,431128199201295911,JK2019090500075479901,20190915,20191021,2000,2000,2000,20190915,20190915,0,0,0,2000,0,0,0,0,0,0,0,0,1,1,*,1,20190905开户，20191007还款
李道英,432928197312082412,JK2018122400020512901,20190915,20191021,2000,2000,2000,20190915,20190915,0,0,0,2000,0,0,0,0,0,0,0,0,1,1,*,1,20190827开户，20190930还款
阳飞彩,433031197811223910,JK2019090200003942201,20190916,20191021,1000,1000,1000,20190916,20190916,0,0,0,1000,0,0,0,0,0,0,0,0,1,1,*,3,20190902开户，20191007还款
廖恒望,433124198904019034,JK2019083000002979901,20190920,20191021,1000,1000,1000,20190920,20190920,0,0,0,1000,0,0,0,0,0,0,0,0,1,1,*,1,20190830开户，20190930还款
李海锋,452502197803206617,JK2019061800047407701,20190915,20191021,2000,2000,2000,20190915,20190915,0,0,0,2000,0,0,0,0,0,0,0,0,1,1,*,1,20190903开户，20191007还款
潘盛,452502198006283817,JK2019082900003491501,20190915,20191021,2000,2000,2000,20190915,20190915,0,0,0,2000,0,0,0,0,0,0,0,0,1,1,*,1,20190829开户，20190930还款
梁干,452523198106156016,JK2019082500006088801,20190915,20191021,2000,2000,2000,20190915,20190915,0,0,0,2000,0,0,0,0,0,0,0,0,1,1,*,1,20190825开户，20190930还款
罗成好,45260119750601241X,JK2019072700015439901,20190916,20191021,2000,2000,2000,20190916,20190916,0,0,0,2000,0,0,0,0,0,0,0,0,1,1,*,1,20190826开户，20190930还款
卓章慧,460006198904054440,JK2019090600013194701,20190915,20191021,5000,5000,5000,20190915,20190915,0,0,0,5000,0,0,0,0,0,0,0,0,1,1,*,1,20190906开户，20191007还款
郭连超,500234198603108037,JK2019090300024138501,20190915,20191021,2000,2000,2000,20190915,20190915,0,0,0,2000,0,0,0,0,0,0,0,0,1,1,*,1,20190903开户，20191007还款
罗永滩,510525199205202032,JK2019082900002454301,20190915,20191021,2000,2000,2000,20190915,20190915,0,0,0,2000,0,0,0,0,0,0,0,0,1,1,*,1,20190829开户，20190930还款
陈蓉,512923197608103209,JK2019090300015874901,20190916,20191021,2000,2000,2000,20190916,20190916,0,0,0,2000,0,0,0,0,0,0,0,0,1,1,*,1,20190903开户，20191007还款
何林超,522128198305043514,JK2019082200006708901,20190916,20191021,2000,2000,2000,20190916,20190916,0,0,0,2000,0,0,0,0,0,0,0,0,1,1,*,1,20190822开户，20190930还款
何付云,522323199006077590,JK2019090300026274701,20190915,20191021,5000,5000,5000,20190915,20190915,0,0,0,5000,0,0,0,0,0,0,0,0,1,1,*,1,20190903开户，20191007还款
冉孟坤,522326197704050619,JK2018101100014770502,20190918,20191021,4000,4000,4000,20190918,20190918,0,0,0,4000,0,0,0,0,0,0,0,0,1,1,*,1,20190901开户，20191007还款
唐有平,530326198709203375,JK2019082800011662101,20190916,20191021,2000,2000,2000,20190916,20190916,0,0,0,2000,0,0,0,0,0,0,0,0,1,1,*,1,20190828开户，20190930还款
矣雁华,530426198610250636,JK2019090500073670001,20190916,20191021,1000,1000,1000,20190916,20190916,0,0,0,1000,0,0,0,0,0,0,0,0,1,1,*,1,20190905开户，20191007逾期
锁兴康,532621197502102915,JK2018112200012062402,20190920,20191021,5000,5000,5000,20190920,20190920,0,0,0,5000,0,0,0,0,0,0,0,0,1,1,*,1,20190823开户，20190930还款
王发春,532625198012301719,JK2018111400003914201,20190919,20191021,4000,4000,4000,20190919,20190919,0,0,0,4000,0,0,0,0,0,0,0,0,1,1,*,1,20190826开户，20190930还款
赵继光,532924198603110316,JK2019090700009856001,20190916,20191021,5000,5000,5000,20190916,20190916,0,0,0,5000,0,0,0,0,0,0,0,0,1,1,*,1,20190907开户，20191007还款
屈智飞,61042419850510081X,JK2019090700023639801,20190915,20191021,1000,1000,1000,20190915,20190915,0,0,0,1000,0,0,0,0,0,0,0,0,1,1,*,1,20190907开户，20191007还款
刘应科,632126198512010611,JK2019090300004069101,20190916,20191021,1000,1000,1000,20190916,20190916,0,0,0,1000,0,0,0,0,0,0,0,0,1,1,*,1,20190903开户，20191007还款
杨少华,642103198211123417,JK2019082800014596901,20190916,20191021,2000,2000,2000,20190916,20190916,0,0,0,2000,0,0,0,0,0,0,0,0,1,1,*,1,20190828开户，20190930还款
王银雪,132332196608082549,JK2019090100002801501,20190927,20191130,60000,60000,60000,20190927,20190927,0,0,0,60000,0,0,0,0,0,0,0,0,1,1,*,1,20190901开户，20191007当月不需要还款
王强,210781197302183410,JK2019090100009877001,20190929,20191031,5000,5000,5000,20190929,20190929,0,0,0,5000,0,0,0,0,0,0,0,0,1,1,*,1,20190901开户，20190907还款
许忠良,230125198301070718,JK2019090500003448401,20190925,20191031,5000,5000,5000,20190925,20190925,0,0,0,5000,0,0,0,0,0,0,0,0,1,1,*,1,20190905开户，20191007还款
蒋春浩,310227197702044012,JK2019071200006006202,20190923,20191130,2000,2000,2000,20190923,20190923,0,0,0,2000,0,0,0,0,0,0,0,0,1,1,*,1,20190904开户，20190924结清
魏天明,32032419840829251X,JK2019090600015077601,20190923,20191231,50000,50000,50000,20190923,20190923,0,0,0,50000,0,0,0,0,0,0,0,0,1,1,*,1,20190906开户，20191007当月不需要还款
于洋,320724198310192715,JK2019090200010529301,20190930,20191031,2000,2000,2000,20190930,20190930,0,0,0,2000,0,0,0,0,0,0,0,0,1,1,*,1,20190902开户，20191007还款
江万香,320911197507300921,JK2019031900008986801,20190928,20191130,2000,2000,2000,20190928,20190928,0,0,0,2000,0,0,0,0,0,0,0,0,1,1,*,1,20190906开户，20191007当月不需要还款
王雪朋,340323199202011374,JK2019090200005428701,20190929,20191031,2000,2000,2000,20190929,20190929,0,0,0,2000,0,0,0,0,0,0,0,0,1,1,*,1,20190902开户，20191007还款
夏多玉,342422198204023893,JK2019090400003583901,20190925,20191130,10000,10000,10000,20190925,20190925,0,0,0,10000,0,0,0,0,0,0,0,0,1,1,*,1,20190904开户，20191007还款
刘海星,360722199008143073,JK2019090700007785101,20190930,20191031,2000,2000,2000,20190930,20190930,0,0,0,2000,0,0,0,0,0,0,0,0,1,1,*,1,20190907开户，20191007还款
李蒙蒙,371302198302100438,JK2019090500024549501,20190929,20191031,2000,2000,2000,20190929,20190929,0,0,0,2000,0,0,0,0,0,0,0,0,1,1,*,1,20190905开户，20191007还款
杨磊,372833197603123017,JK2019082200001208601,20190822,20191031,11000,11000,11000,20190930,20190928,4066,4066,4066,7000,0,0,0,0,0,0,0,0,1,1,N,4,20190822开户，20190930还款
张龙飞,410523198802033037,JK2019090200008915101,20190929,20191031,3000,3000,3000,20190929,20190929,0,0,0,3000,0,0,0,0,0,0,0,0,1,1,*,1,20190903开户，20191007还款
崔国强,410881197710236510,JK2019090500006829901,20190929,20191031,3000,3000,3000,20190929,20190929,0,0,0,3000,0,0,0,0,0,0,0,0,1,1,*,1,20190905开户，20191007还款
连三强,412723198211192514,JK2019090500044868701,20190929,20191031,2000,2000,2000,20190929,20190929,0,0,0,2000,0,0,0,0,0,0,0,0,1,1,*,1,20190905开户，20191007还款
宗钒,420103198103081210,JK2019090500057199201,20190922,20191231,1000,1000,1000,20190922,20190922,0,0,0,1000,0,0,0,0,0,0,0,0,1,1,*,1,20190905开户，20191007当月不需要还款
周东,420703199310102931,JK2019090700012939001,20190930,20191031,5000,5000,5000,20190930,20190930,0,0,0,5000,0,0,0,0,0,0,0,0,1,1,*,1,20190907开户，20191007还款
杨正,421125198202282770,JK2019090500027877201,20190930,20191031,1000,1000,1000,20190930,20190930,0,0,0,1000,0,0,0,0,0,0,0,0,1,1,*,1,20190905开户，20191007还款
王胜辉,422801198807082032,JK2019090700004612701,20190929,20191031,1600,1600,1600,20190929,20190929,0,0,0,1600,0,0,0,0,0,0,0,0,1,1,*,1,20190907开户，20191007还款
肖用柏,430529198405047277,JK2019090300008810001,20190929,20191031,5000,5000,5000,20190929,20190929,0,0,0,5000,0,0,0,0,0,0,0,0,1,1,*,1,20190903开户，20191007还款
罗少林,432502198808083071,JK2019090700017814601,20190930,20191031,5000,5000,5000,20190930,20190930,0,0,0,5000,0,0,0,0,0,0,0,0,1,1,*,1,20190907开户，20191007还款
陈卫东,440521196808142836,JK2019070300013016101,20190929,20191031,2000,2000,2000,20190929,20190929,0,0,0,2000,0,0,0,0,0,0,0,0,1,1,*,1,20190904开户，20191007还款
罗金彬,44122519910621291X,JK2019090100003414601,20190929,20191031,1000,1000,1000,20190929,20190929,0,0,0,1000,0,0,0,0,0,0,0,0,1,1,*,1,20190901开户，20191007还款
梁达纪,441723198310154219,JK2019090200007638601,20190929,20191031,2000,2000,2000,20190929,20190929,0,0,0,2000,0,0,0,0,0,0,0,0,1,1,*,1,20190902开户，20191007逾期
邓应喜,452201197711070035,JK2019090400027725301,20190929,20191031,1000,1000,1000,20190929,20190929,0,0,0,1000,0,0,0,0,0,0,0,0,1,1,*,1,20190904开户，201901007还款
唐永胜,522228198207011290,JK2019090300013149101,20190929,20191031,3000,3000,3000,20190929,20190929,0,0,0,3000,0,0,0,0,0,0,0,0,1,1,*,1,20190903开户，20191007还款
吴波,522321198204087637,JK2019070300005448401,20190929,20191031,5000,5000,5000,20190929,20190929,0,0,0,5000,0,0,0,0,0,0,0,0,1,1,*,1,20190907开户，20191007还款
郭绍雄,532128197409224931,JK2019090200018973701,20190929,20191031,3000,3000,3000,20190929,20190929,0,0,0,3000,0,0,0,0,0,0,0,0,1,1,*,1,20190902开户，20191007还款
谈重军,632124197202081214,JK2018121100012778602,20190930,20191031,5000,5000,5000,20190930,20190930,0,0,0,5000,0,0,0,0,0,0,0,0,1,1,*,1,20190903开户，20191007还款
马祥,632124198903022510,JK2019090100010967001,20190930,20191031,1000,1000,1000,20190930,20190930,0,0,0,1000,0,0,0,0,0,0,0,0,1,1,*,1,20190901开户，20191007还款
李贵林,130223197306163213,JK2019090500011874901,,,,,,,,
秦岩,130324199201270910,JK2019090400007363601,,,,,,,,
赵娜,130528198301141827,JK2019062700007565201,,,,,,,,
李雪刚,130682198004036952,JK2019090200030737401,,,,,,,,
张利国,130825198806185718,JK2019090300053346701,,,,,,,,
陈建兵,140322198508052138,JK2018100100011979702,,,,,,,,
李云鑫,141182198611270033,JK2018100100007184302,,,,,,,,
王华伟,142201197612300015,JK2019090600028419001,,,,,,,,
张钰鑫,142326198705204572,JK2019090100003819701,,,,,,,,
员奎,142732198611216811,JK2018100200006539801,,,,,,,,
姚恩波,210725197508104211,JK2019062900005752301,,,,,,,,
赵明忠,231026197703242516,JK2019090500016447401,,,,,,,,
温丽丽,232101198212025422,JK2019062400006731001,,,,,,,,
关恒威,232325198503282439,JK2019062600027698801,,,,,,,,
赵腾,320322198902204834,JK2019090600014175101,,,,,,,,
张兵,320721198806053015,JK2019010100025795201,,,,,,,,
李红卫,320919197405110976,JK2018111900014995501,,,,,,,,
张高,321321198510124055,JK2019052800019544601,,,,,,,,
马冬旭,330425198811196433,JK2018112300018146501,,,,,,,,
梁家华,360424197711183875,JK2019021400006727502,,,,,,,,
郭伟超,410182198110146012,JK2019090600005659301,,,,,,,,
王京龙,410322198706086836,JK2019090600020944501,,,,,,,,
郭六民,410329197507166497,JK2019090700006801601,,,,,,,,
陈要峰,410329197711265716,JK2019090300025356401,,,,,,,,
晁淘淘,410421198606062019,JK2018101800018550702,,,,,,,,
丁亚兵,411222197403052517,JK2019090300013469101,,,,,,,,
王现防,411425198701241839,JK2018112600002921301,,,,,,,,
徐俊,42030319900218331X,JK2019090300028885501,,,,,,,,
薛文东,420822199111024314,JK2019090600045953301,,,,,,,,
赵小辉,430103197705102012,JK2019090700010089301,,,,,,,,
谭英才,430481198303055671,JK2019090400025097101,,,,,,,,
舒孝景,433023197411232818,JK2019090400008803201,,,,,,,,
谭晓东,445381198606014034,JK2019090400014098501,,,,,,,,
农汉明,452131199103082712,JK2019090400029798701,,,,,,,,
陈宫,452628197606280411,JK2019090200014992201,,,,,,,,
刘志强,510921198010184737,JK2019062200017803901,,,,,,,,
吴学元,520121198608046038,JK2019043000040553601,,,,,,,,
李军,522132199011130072,JK2019090200022109501,,,,,,,,
李飚,532101197505120016,JK2019090700009084001,,,,,,,,
马继东,533025198103080016,JK2018112800029202201,,,,,,,,
麻博博,610302198411165117,JK2018100200007630301,,,,,,,,
张建,130522197001051632,JK2018111600015639901,,,,,,,,
李宁,130633199311156417,JK2019090600011762801,,,,,,,,
张亮,130825198905141411,JK2019090500007552601,,,,,,,,
刘春雷,132829198312154855,JK2019090500024236601,,,,,,,,
贾万荣,14213119790902603X,JK2019090400022218201,,,,,,,,
侯云飞,142201198203242197,JK2019090400036538801,,,,,,,,
王成,14230219870701603X,JK2019090200006614701,,,,,,,,
靳广,142628198606112313,JK2019090500013154501,,,,,,,,
张东霞,150424198712090924,JK2018111600024174901,,,,,,,,
刘伟,232303198604281357,JK2019090300017615501,,,,,,,,
熊波,362202198105100336,JK2019090700003948001,,,,,,,,
王光良,370827198508302311,JK2019070900011882802,,,,,,,,
王晓忠,371082198112047117,JK2019090200020498601,,,,,,,,
黄刚,371121197906164217,JK2019090700034987601,,,,,,,,
王绍涛,371329199004042713,JK2018102100002576301,,,,,,,,
张庆峰,372424197704080513,JK2019090500016797501,,,,,,,,
黄运勇,372823197611296134,JK2019090300015468001,,,,,,,,
高怀文,410821196908220038,JK2019090400017500001,,,,,,,,
胡安元,420104198202031653,JK2019090500008342301,,,,,,,,
徐飞国,420582198012013674,JK2019090500013354601,,,,,,,,
苏建华,43052719870308361X,JK2019090300008869401,,,,,,,,
康海林,430821198304166010,JK2019090200010897701,,,,,,,,
黄松,431226198902011270,JK2019090400009006101,,,,,,,,
于海生,512224197409186556,JK2019090400032208701,,,,,,,,
黄涛,522124199204090812,JK2019090500001616701,,,,,,,,
雷国强,610581198810253110,JK2018110400021134101,,,,,,,,
李向阳,410882198004302518,JK2019090100007747701,,,,,,,,
林杰,132423198309281634,JK2019090400014975101,,,,,,,,
李彦荣,130426197911111518,JK2019090700005900901,,,,,,,,
李铁牛,430281197510257916,JK2019090200020538301,,,,,,,,
蒋振维,13012119870429301X,JK2018112100002108701,,,,,,,,
崔绍东,130121198806052612,JK2018100100009734801,,,,,,,,
谷晓军,130127198502121832,JK2018112200008562801,,,,,,,,
李世涛,130481198408152899,JK2019082200024565301,,,,,,,,
杨沛斌,130535198810172430,JK2019082800040378801,,,,,,,,
赵学民,132123196809133210,JK2019082600032098201,,,,,,,,
温国刚,132335198103112018,JK2019082700008132001,,,,,,,,
王宾,132401198107100016,JK2018093000014523001,,,,,,,,
李记所,132424197404142116,JK2018110400017011801,,,,,,,,
兰艳平,140221198808016831,JK2018093000013885301,,,,,,,,
郭辉,140221199008056514,JK2018093000005753701,,,,,,,,
杨利,14022719850713201X,JK2018100100001452401,,,,,,,,
王哲,140521199303071713,JK2019052300034338401,,,,,,,,
陈天然,141181198707100016,JK2018102100014253801,,,,,,,,
梁永明,142124197303203659,JK2019082800010224901,,,,,,,,
高奶文,142332196303140017,JK2018121800005125601,,,,,,,,
王佩辉,142401198703044518,JK2018112000024426001,,,,,,,,
李振兴,14242919850202121X,JK2018100100005018601,,,,,,,,
温绍全,142431197103150636,JK2018093000016271501,,,,,,,,
霍平珍,142431198301190019,JK2018102100003668901,,,,,,,,
裴战平,142601197101163217,JK2018111300008987401,,,,,,,,
畅肖崴,14272519850318007X,JK2018111800001244301,,,,,,,,
赵建伟,142732197807204439,JK2018111300001264501,,,,,,,,
张海兵,150121198910083615,JK2019062000029169701,,,,,,,,
赵春吉,150124198405077037,JK2018101500012459801,,,,,,,,
杨东,150207198312032314,JK2018093000005961901,,,,,,,,
孙立君,152301197606041552,JK2019082300012957301,,,,,,,,
苏晓东,152325198707070518,JK2019082300052217401,,,,,,,,
王国福,152326198401162715,JK2019083000001018301,,,,,,,,
冷连盟,210222198011125357,JK2019013000018614001,,,,,,,,
徐艳东,211021196607222216,JK2018093000018136701,,,,,,,,
张铭言,21130219830811043X,JK2018111600001392701,,,,,,,,
高敬伟,211322197901206011,JK2019082300009313401,,,,,,,,
渠飞,320321198503217236,JK2018110400006584002,,,,,,,,
刘清明,342224198201191412,JK2018110800002767502,,,,,,,,
王家瑞,342423199012105078,JK2018121700019269602,,,,,,,,
陈伟杰,350121198006021210,JK2018093000013908701,,,,,,,,
林惠生,350623198009274117,JK2019062200007054901,,,,,,,,
邓居江,360481197410134639,JK2019062400026506801,,,,,,,,
谢晓明,36072219870209211X,JK2018120500015568201,,,,,,,,
吴川,362202198701194615,JK2019082200001959301,,,,,,,,
吴由福,362321196404158939,JK2019082500019933701,,,,,,,,
高道发,362330199011117730,JK2019062600016866301,,,,,,,,
方华云,362525196810092417,JK2019083000005117401,,,,,,,,
李敬平,370404199205086250,JK2019013000023054001,,,,,,,,
隋蒙蒙,370521199203253619,JK2019082200017475101,,,,,,,,
周广军,370983197903093232,JK2019082200005836201,,,,,,,,
徐中田,371325198001261910,JK2018111500023037701,,,,,,,,
魏祥后,371325198202261634,JK2019083100002225101,,,,,,,,
李祥禄,371326199511160811,JK2019061600011310501,,,,,,,,
井亮,37142719890703101X,JK2019082300023365001,,,,,,,,
国际良,371521198811130715,JK2019082200007267601,,,,,,,,
李轩,37152319890801625X,JK2018112100019134101,,,,,,,,
徐荣刚,372423197509085830,JK2018093000014304501,,,,,,,,
郑遂振,410126197906244114,JK2018112100016731601,,,,,,,,
王小宁,410324198807030025,JK2019082200011013401,,,,,,,,
杨宗保,410327197408155335,JK2018100100000035801,,,,,,,,
乔治纲,410327197911295319,JK2018100800005950901,,,,,,,,
付海军,410724196903165512,JK2018100200006396001,,,,,,,,
王东民,410782198103074412,JK2018102400002549501,,,,,,,,
卫战军,410881197211240814,JK2019082700055689901,,,,,,,,
李伟学,410881198808096530,JK2018112700011770901,,,,,,,,
胡小亮,410882196707034012,JK2018100100009389201,,,,,,,,
王跃普,410923198604254236,JK2019083000000985101,,,,,,,,
张文强,411022198006036613,JK2018112200011029001,,,,,,,,
张焕亭,411023197604112016,JK2019082400019614601,,,,,,,,
单保增,411481198608173350,JK2019082900005448001,,,,,,,,
高尚,412323198212051615,JK2019083000000603401,,,,,,,,
张建,412726198010013814,JK2019082300022508501,,,,,,,,
熊保华,412821197911166817,JK2018100200002079402,,,,,,,,
李鹏,412822198509252312,JK2019082200012035301,,,,,,,,
刘章,420116199908011718,JK2018110700008958401,,,,,,,,
石峰,420222197407272817,JK2019083000002147101,,,,,,,,
李伟,420583199504290759,JK2019082900029698501,,,,,,,,
唐华明,420624197911156836,JK2018102300002821301,,,,,,,,
陈津津,420704198805284652,JK2018120700010887401,,,,,,,,
朱觉飞,421125198306145519,JK2018112400018354301,,,,,,,,
付兴松,422802198308232610,JK2019082900008756001,,,,,,,,
苏金林,430521197212253837,JK2019082200010257801,,,,,,,,
丁闹,430603199001012015,JK2019062400011563001,,,,,,,,
邹云有,440224199009030017,JK2018120100023640801,,,,,,,,
张桢何,440881199009045235,JK2019062000027934002,,,,,,,,
梁振勇,440982198802112533,JK2019082300010447601,,,,,,,,
黄高款,450121199104276039,JK2018110600016717401,,,,,,,,
李德刚,450503198808201259,JK2019082500015989701,,,,,,,,
陈锋,450721198911241818,JK2018112100025605401,,,,,,,,
姚献滨,452124197807070012,JK2018112700000953501,,,,,,,,
张常,452227198910151610,JK2018111600015598202,,,,,,,,
付嘉全,452502197905153114,JK2019082300008088301,,,,,,,,
吴平,452624198404132815,JK2019082200012785101,,,,,,,,
胡从建,510231197907204317,JK2019083000014127001,,,,,,,,
金兴林,51050419861228063X,JK2019082600020478401,,,,,,,,
钱艳,510922198202285205,JK2018112400018512601,,,,,,,,
彭宏伟,510923199410235211,JK2019082900017454801,,,,,,,,
左自安,511225198107066399,JK2019082800029896001,,,,,,,,
吴天平,511524199707231698,JK2019082200014849301,,,,,,,,
孙松,511622198503118616,JK2018093000013909901,,,,,,,,
吴仕黔,51232319791013701X,JK2019082400005275501,,,,,,,,
熊正凯,513127198101010211,JK2019082900038774401,,,,,,,,
张凡,513434198501163778,JK2018111600023673801,,,,,,,,
杨星宇,513822199506204904,JK2018100200011029202,,,,,,,,
付丹,513824198601070631,JK2019082800038138401,,,,,,,,
王正波,522129198004013019,JK2019083000016418101,,,,,,,,
方开平,522501197309017337,JK2019082700021886901,,,,,,,,
龙安顺,522631198411242854,JK2019082900003992201,,,,,,,,
代德友,522724198803171815,JK2019082200010516401,,,,,,,,
蒲元友,522724199508085716,JK2019083000022739401,,,,,,,,
余东峻,522725199310027111,JK2019082900024887401,,,,,,,,
滕先发,522727198907174817,JK2019082900022175401,,,,,,,,
郑周舟,530324199007290517,JK2019081500010914202,,,,,,,,
李贞鹏,530326199203242718,JK2019082300007926001,,,,,,,,
蒲春伟,532128197903173914,JK2019062800016655701,,,,,,,,
廖学洪,532301197711040034,JK2019082800013839501,,,,,,,,
梁华,532323198608280315,JK2019082500011958801,,,,,,,,
卢建勇,53252819940805031X,JK2019082200007267101,,,,,,,,
代玉春,532725198712280619,JK2019082700024895501,,,,,,,,
闵剑,532924198712100053,JK2019082500027005301,,,,,,,,
张宏,533526198308170211,JK2019083000001079501,,,,,,,,
祝海军,610330198404272817,JK2018111900029193001,,,,,,,,
刘宗,610423199001293011,JK2018111200006391501,,,,,,,,
徐涛,610581199106021636,JK2018121900016360901,,,,,,,,
张俊平,612726197308060616,JK2018111400000392401,,,,,,,,
刘志胜,632821197412072016,JK2019010700009011501,,,,,,,,
杨金兵,642103198111052914,JK2019062200004222102,,,,,,,,
褚昭棋,370404198501263712,JK2019082900013909701,,,,,,,,
杨启秋,430181198007191058,JK2019083000000956401,,,,,,,,
兰有权,132526198105230012,JK2019082300019764001,,,,,,,,
张继伟,320322197902105612,JK2019082300022448601,,,,,,,,
赵胜利,142125197201045836,JK2019082400022628301,,,,,,,,
史良,231026198004100310,JK2019083000001013301,,,,,,,,
王鹏,130132198309244110,JK2019083100006963801,,,,,,,,
许中明,34242319740303217X,JK2019083100006293101,,,,,,,,